<svg width="61" height="60" viewBox="0 0 61 60" fill="none" xmlns="http://www.w3.org/2000/svg">
<g clip-path="url(#clip0_34_294)">
<path d="M30.8221 55C27.3618 55 24.1099 54.3433 21.0665 53.03C18.023 51.7183 15.3757 49.9375 13.1244 47.6875C10.8731 45.4375 9.09119 42.7917 7.77876 39.75C6.46467 36.7083 5.80762 33.4583 5.80762 30C5.80762 26.5417 6.46467 23.2917 7.77876 20.25C9.09119 17.2083 10.8731 14.5625 13.1244 12.3125C15.3757 10.0625 18.023 8.28083 21.0665 6.9675C24.1099 5.65583 27.3618 5 30.8221 5C32.6148 5 34.345 5.17667 36.0127 5.53C37.6803 5.885 39.2854 6.39583 40.8279 7.0625V12.6875C39.3688 11.8542 37.7954 11.1975 36.1077 10.7175C34.4184 10.2392 32.6565 10 30.8221 10C25.2773 10 20.5562 11.9475 16.6589 15.8425C12.76 19.7392 10.8105 24.4583 10.8105 30C10.8105 35.5417 12.76 40.2608 16.6589 44.1575C20.5562 48.0525 25.2773 50 30.8221 50C36.367 50 41.0889 48.0525 44.9879 44.1575C48.8851 40.2608 50.8338 35.5417 50.8338 30C50.8338 28.6667 50.6978 27.375 50.426 26.125C50.1559 24.875 49.7915 23.6667 49.3329 22.5H54.711C55.0862 23.7083 55.3681 24.9267 55.5565 26.155C55.7433 27.385 55.8367 28.6667 55.8367 30C55.8367 33.4583 55.1796 36.7083 53.8655 39.75C52.5531 42.7917 50.7712 45.4375 48.5199 47.6875C46.2686 49.9375 43.6212 51.7183 40.5778 53.03C37.5344 54.3433 34.2825 55 30.8221 55ZM50.8338 17.5V12.5H45.8309V7.5H50.8338V2.5H55.8367V7.5H60.8396V12.5H55.8367V17.5H50.8338ZM39.5772 27.5C40.6195 27.5 41.505 27.135 42.2338 26.405C42.9642 25.6767 43.3294 24.7917 43.3294 23.75C43.3294 22.7083 42.9642 21.8233 42.2338 21.095C41.505 20.365 40.6195 20 39.5772 20C38.535 20 37.6494 20.365 36.9207 21.095C36.1903 21.8233 35.825 22.7083 35.825 23.75C35.825 24.7917 36.1903 25.6767 36.9207 26.405C37.6494 27.135 38.535 27.5 39.5772 27.5ZM22.0671 27.5C23.1093 27.5 23.9948 27.135 24.7236 26.405C25.454 25.6767 25.8192 24.7917 25.8192 23.75C25.8192 22.7083 25.454 21.8233 24.7236 21.095C23.9948 20.365 23.1093 20 22.0671 20C21.0248 20 20.1393 20.365 19.4105 21.095C18.6801 21.8233 18.3149 22.7083 18.3149 23.75C18.3149 24.7917 18.6801 25.6767 19.4105 26.405C20.1393 27.135 21.0248 27.5 22.0671 27.5ZM30.8221 43.75C33.6571 43.75 36.232 42.9483 38.5466 41.345C40.8596 39.74 42.5373 37.625 43.5796 35H18.0647C19.107 37.625 20.7855 39.74 23.1002 41.345C25.4132 42.9483 27.9872 43.75 30.8221 43.75Z" fill="black"/>
</g>
<defs>
<clipPath id="clip0_34_294">
<rect width="60.0349" height="60" fill="white" transform="translate(0.804688)"/>
</clipPath>
</defs>
</svg>
